(kicad_pcb (version 20171130) (host pcbnew "(5.1.8)-1")

  (general
    (thickness 1.6)
    (drawings 2)
    (tracks 0)
    (zones 0)
    (modules 63)
    (nets 124)
  )

  (page A4)
  (layers
    (0 F.Cu signal)
    (1 In1.Cu signal)
    (2 In2.Cu signal)
    (31 B.Cu signal)
    (33 F.Adhes user hide)
    (35 F.Paste user hide)
    (37 F.SilkS user)
    (39 F.Mask user hide)
    (40 Dwgs.User user hide)
    (41 Cmts.User user hide)
    (42 Eco1.User user hide)
    (43 Eco2.User user hide)
    (44 Edge.Cuts user)
    (45 Margin user hide)
    (46 B.CrtYd user hide)
    (47 F.CrtYd user)
    (49 F.Fab user hide)
  )

  (setup
    (last_trace_width 0.25)
    (user_trace_width 0.3)
    (user_trace_width 0.5)
    (user_trace_width 0.7)
    (user_trace_width 1)
    (user_trace_width 1.5)
    (user_trace_width 2)
    (user_trace_width 3)
    (user_trace_width 5)
    (trace_clearance 0.2)
    (zone_clearance 0.508)
    (zone_45_only no)
    (trace_min 0.2)
    (via_size 0.8)
    (via_drill 0.4)
    (via_min_size 0.4)
    (via_min_drill 0.3)
    (uvia_size 0.3)
    (uvia_drill 0.1)
    (uvias_allowed no)
    (uvia_min_size 0.2)
    (uvia_min_drill 0.1)
    (edge_width 0.05)
    (segment_width 0.2)
    (pcb_text_width 0.3)
    (pcb_text_size 1.5 1.5)
    (mod_edge_width 0.12)
    (mod_text_size 1 1)
    (mod_text_width 0.15)
    (pad_size 1.524 1.524)
    (pad_drill 0.762)
    (pad_to_mask_clearance 0)
    (aux_axis_origin 0 0)
    (visible_elements 7FFFFFFF)
    (pcbplotparams
      (layerselection 0x010fc_ffffffff)
      (usegerberextensions false)
      (usegerberattributes true)
      (usegerberadvancedattributes true)
      (creategerberjobfile true)
      (excludeedgelayer true)
      (linewidth 0.100000)
      (plotframeref false)
      (viasonmask false)
      (mode 1)
      (useauxorigin false)
      (hpglpennumber 1)
      (hpglpenspeed 20)
      (hpglpendiameter 15.000000)
      (psnegative false)
      (psa4output false)
      (plotreference true)
      (plotvalue true)
      (plotinvisibletext false)
      (padsonsilk false)
      (subtractmaskfromsilk false)
      (outputformat 1)
      (mirror false)
      (drillshape 1)
      (scaleselection 1)
      (outputdirectory ""))
  )

  (net 0 "")
  (net 1 "Net-(J2-Pad8)")
  (net 2 "Net-(J2-Pad6)")
  (net 3 "Net-(J2-Pad4)")
  (net 4 "Net-(J2-Pad2)")
  (net 5 "Net-(J3-Pad6)")
  (net 6 "Net-(J3-Pad5)")
  (net 7 "Net-(J4-Pad8)")
  (net 8 "Net-(J4-Pad7)")
  (net 9 "Net-(J4-Pad6)")
  (net 10 "Net-(J4-Pad5)")
  (net 11 "Net-(J4-Pad4)")
  (net 12 "Net-(J4-Pad2)")
  (net 13 "Net-(J5-Pad1)")
  (net 14 "Net-(J6-Pad6)")
  (net 15 "Net-(J6-Pad5)")
  (net 16 "Net-(J6-Pad3)")
  (net 17 "Net-(J6-Pad1)")
  (net 18 GND)
  (net 19 "Net-(C1-Pad1)")
  (net 20 INRTQ)
  (net 21 INTHD)
  (net 22 INZTQ)
  (net 23 INTD)
  (net 24 INXTQ)
  (net 25 SPAREIN)
  (net 26 INY2TQ)
  (net 27 INY1TQ)
  (net 28 INTM)
  (net 29 "Net-(D1-Pad2)")
  (net 30 "Net-(D2-Pad2)")
  (net 31 +15V)
  (net 32 SLCK)
  (net 33 MISO)
  (net 34 MOSI)
  (net 35 DISPCS)
  (net 36 +3V3)
  (net 37 INTH)
  (net 38 "Net-(J7-Pad2)")
  (net 39 "Net-(J7-Pad4)")
  (net 40 /ZTQ)
  (net 41 /Y1EN)
  (net 42 /ZSP)
  (net 43 /ZEN)
  (net 44 /Y1TQ)
  (net 45 /Y1SP)
  (net 46 /Y1DIR)
  (net 47 /Y2TQ)
  (net 48 /Y2DIR)
  (net 49 /Y2SP)
  (net 50 /Y2EN)
  (net 51 /XEN)
  (net 52 /XSP)
  (net 53 /XDIR)
  (net 54 /XTQ)
  (net 55 +5V)
  (net 56 "Net-(R1-Pad1)")
  (net 57 "Net-(R4-Pad1)")
  (net 58 "Net-(R10-Pad1)")
  (net 59 "Net-(R11-Pad2)")
  (net 60 "Net-(R13-Pad1)")
  (net 61 "Net-(R16-Pad1)")
  (net 62 "Net-(R19-Pad1)")
  (net 63 "Net-(R22-Pad1)")
  (net 64 "Net-(R25-Pad1)")
  (net 65 INREN)
  (net 66 INRSP)
  (net 67 INRDIR)
  (net 68 "Net-(U1-Pad4)")
  (net 69 "Net-(U1-Pad5)")
  (net 70 "Net-(U1-Pad6)")
  (net 71 "Net-(U1-Pad7)")
  (net 72 "Net-(U1-Pad10)")
  (net 73 "Net-(U1-Pad11)")
  (net 74 "Net-(U1-Pad12)")
  (net 75 "Net-(U1-Pad13)")
  (net 76 "Net-(U2-Pad19)")
  (net 77 "Net-(U2-Pad34)")
  (net 78 "Net-(U2-Pad33)")
  (net 79 "Net-(U2-Pad32)")
  (net 80 OTXDIR)
  (net 81 OTXSP)
  (net 82 OTXEN)
  (net 83 OTY2DIR)
  (net 84 OTY2SP)
  (net 85 OTY2EN)
  (net 86 "Net-(U2-Pad16)")
  (net 87 "Net-(U2-Pad15)")
  (net 88 SPAREOUT)
  (net 89 "Net-(U2-Pad13)")
  (net 90 OTY1DIR)
  (net 91 "Net-(U2-Pad11)")
  (net 92 OTY1SP)
  (net 93 OTY1EN)
  (net 94 CS)
  (net 95 "Net-(U2-Pad5)")
  (net 96 "Net-(U2-Pad4)")
  (net 97 "Net-(U2-Pad3)")
  (net 98 "Net-(U2-Pad2)")
  (net 99 "Net-(U3-Pad1)")
  (net 100 "Net-(U3-Pad2)")
  (net 101 "Net-(U3-Pad3)")
  (net 102 "Net-(U3-Pad4)")
  (net 103 "Net-(U3-Pad5)")
  (net 104 "Net-(U3-Pad7)")
  (net 105 "Net-(U3-Pad8)")
  (net 106 OTTS)
  (net 107 OTZEN)
  (net 108 "Net-(U3-Pad11)")
  (net 109 OTZSP)
  (net 110 OTZDIR)
  (net 111 "Net-(U3-Pad14)")
  (net 112 "Net-(U3-Pad15)")
  (net 113 "Net-(U3-Pad16)")
  (net 114 "Net-(U3-Pad17)")
  (net 115 "Net-(U3-Pad18)")
  (net 116 "Net-(U3-Pad32)")
  (net 117 "Net-(U3-Pad33)")
  (net 118 "Net-(U3-Pad34)")
  (net 119 "Net-(U3-Pad19)")
  (net 120 /ZDIR)
  (net 121 "Net-(K1-Pad11)")
  (net 122 "Net-(K1-Pad6)")
  (net 123 "Net-(K1-Pad1)")

  (net_class Default "This is the default net class."
    (clearance 0.2)
    (trace_width 0.25)
    (via_dia 0.8)
    (via_drill 0.4)
    (uvia_dia 0.3)
    (uvia_drill 0.1)
    (add_net +15V)
    (add_net +3V3)
    (add_net +5V)
    (add_net /XDIR)
    (add_net /XEN)
    (add_net /XSP)
    (add_net /XTQ)
    (add_net /Y1DIR)
    (add_net /Y1EN)
    (add_net /Y1SP)
    (add_net /Y1TQ)
    (add_net /Y2DIR)
    (add_net /Y2EN)
    (add_net /Y2SP)
    (add_net /Y2TQ)
    (add_net /ZDIR)
    (add_net /ZEN)
    (add_net /ZSP)
    (add_net /ZTQ)
    (add_net CS)
    (add_net DISPCS)
    (add_net GND)
    (add_net INRDIR)
    (add_net INREN)
    (add_net INRSP)
    (add_net INRTQ)
    (add_net INTD)
    (add_net INTH)
    (add_net INTHD)
    (add_net INTM)
    (add_net INXTQ)
    (add_net INY1TQ)
    (add_net INY2TQ)
    (add_net INZTQ)
    (add_net MISO)
    (add_net MOSI)
    (add_net "Net-(C1-Pad1)")
    (add_net "Net-(D1-Pad2)")
    (add_net "Net-(D2-Pad2)")
    (add_net "Net-(J2-Pad2)")
    (add_net "Net-(J2-Pad4)")
    (add_net "Net-(J2-Pad6)")
    (add_net "Net-(J2-Pad8)")
    (add_net "Net-(J3-Pad5)")
    (add_net "Net-(J3-Pad6)")
    (add_net "Net-(J4-Pad2)")
    (add_net "Net-(J4-Pad4)")
    (add_net "Net-(J4-Pad5)")
    (add_net "Net-(J4-Pad6)")
    (add_net "Net-(J4-Pad7)")
    (add_net "Net-(J4-Pad8)")
    (add_net "Net-(J5-Pad1)")
    (add_net "Net-(J6-Pad1)")
    (add_net "Net-(J6-Pad3)")
    (add_net "Net-(J6-Pad5)")
    (add_net "Net-(J6-Pad6)")
    (add_net "Net-(J7-Pad2)")
    (add_net "Net-(J7-Pad4)")
    (add_net "Net-(K1-Pad1)")
    (add_net "Net-(K1-Pad11)")
    (add_net "Net-(K1-Pad6)")
    (add_net "Net-(R1-Pad1)")
    (add_net "Net-(R10-Pad1)")
    (add_net "Net-(R11-Pad2)")
    (add_net "Net-(R13-Pad1)")
    (add_net "Net-(R16-Pad1)")
    (add_net "Net-(R19-Pad1)")
    (add_net "Net-(R22-Pad1)")
    (add_net "Net-(R25-Pad1)")
    (add_net "Net-(R4-Pad1)")
    (add_net "Net-(U1-Pad10)")
    (add_net "Net-(U1-Pad11)")
    (add_net "Net-(U1-Pad12)")
    (add_net "Net-(U1-Pad13)")
    (add_net "Net-(U1-Pad4)")
    (add_net "Net-(U1-Pad5)")
    (add_net "Net-(U1-Pad6)")
    (add_net "Net-(U1-Pad7)")
    (add_net "Net-(U2-Pad11)")
    (add_net "Net-(U2-Pad13)")
    (add_net "Net-(U2-Pad15)")
    (add_net "Net-(U2-Pad16)")
    (add_net "Net-(U2-Pad19)")
    (add_net "Net-(U2-Pad2)")
    (add_net "Net-(U2-Pad3)")
    (add_net "Net-(U2-Pad32)")
    (add_net "Net-(U2-Pad33)")
    (add_net "Net-(U2-Pad34)")
    (add_net "Net-(U2-Pad4)")
    (add_net "Net-(U2-Pad5)")
    (add_net "Net-(U3-Pad1)")
    (add_net "Net-(U3-Pad11)")
    (add_net "Net-(U3-Pad14)")
    (add_net "Net-(U3-Pad15)")
    (add_net "Net-(U3-Pad16)")
    (add_net "Net-(U3-Pad17)")
    (add_net "Net-(U3-Pad18)")
    (add_net "Net-(U3-Pad19)")
    (add_net "Net-(U3-Pad2)")
    (add_net "Net-(U3-Pad3)")
    (add_net "Net-(U3-Pad32)")
    (add_net "Net-(U3-Pad33)")
    (add_net "Net-(U3-Pad34)")
    (add_net "Net-(U3-Pad4)")
    (add_net "Net-(U3-Pad5)")
    (add_net "Net-(U3-Pad7)")
    (add_net "Net-(U3-Pad8)")
    (add_net OTTS)
    (add_net OTXDIR)
    (add_net OTXEN)
    (add_net OTXSP)
    (add_net OTY1DIR)
    (add_net OTY1EN)
    (add_net OTY1SP)
    (add_net OTY2DIR)
    (add_net OTY2EN)
    (add_net OTY2SP)
    (add_net OTZDIR)
    (add_net OTZEN)
    (add_net OTZSP)
    (add_net SLCK)
    (add_net SPAREIN)
    (add_net SPAREOUT)
  )

  (module Connector_RJ:RJ45_Amphenol_RJHSE5380 (layer F.Cu) (tedit 5DC08C43) (tstamp 5FE1D1E4)
    (at 222.25 31.115)
    (descr "Shielded, https://www.amphenolcanada.com/ProductSearch/drawings/AC/RJHSE538X.pdf")
    (tags "RJ45 8p8c ethernet cat5")
    (path /601098BD)
    (fp_text reference J3 (at 3.56 -9.5) (layer F.SilkS)
      (effects (font (size 1 1) (thickness 0.15)))
    )
    (fp_text value 8P8C_Shielded (at 3.56 9.5) (layer F.Fab)
      (effects (font (size 1 1) (thickness 0.15)))
    )
    (fp_text user %R (at 3.56 -6) (layer F.Fab)
      (effects (font (size 1 1) (thickness 0.15)))
    )
    (fp_line (start -4.695 -7) (end -4.695 7.75) (layer F.Fab) (width 0.1))
    (fp_line (start -4.695 7.75) (end 11.815 7.75) (layer F.Fab) (width 0.1))
    (fp_line (start -3.695 -8) (end 11.815 -8) (layer F.Fab) (width 0.1))
    (fp_line (start 11.815 -8) (end 11.815 7.75) (layer F.Fab) (width 0.1))
    (fp_line (start -4.76 -8.11) (end 11.88 -8.11) (layer F.SilkS) (width 0.12))
    (fp_line (start -4.805 -8.11) (end -4.805 -0.5) (layer F.SilkS) (width 0.12))
    (fp_line (start 11.925 -8.11) (end 11.925 -0.5) (layer F.SilkS) (width 0.12))
    (fp_line (start -4.76 7.86) (end 11.925 7.86) (layer F.SilkS) (width 0.12))
    (fp_line (start -4.805 7.86) (end -4.805 2.3) (layer F.SilkS) (width 0.12))
    (fp_line (start 11.925 7.86) (end 11.925 2.3) (layer F.SilkS) (width 0.12))
    (fp_line (start -4.695 -7) (end -3.695 -8) (layer F.Fab) (width 0.1))
    (fp_line (start -6.22 -8.5) (end 13.34 -8.5) (layer F.CrtYd) (width 0.05))
    (fp_line (start -6.22 -8.5) (end -6.22 8.25) (layer F.CrtYd) (width 0.05))
    (fp_line (start -6.22 8.25) (end 13.34 8.25) (layer F.CrtYd) (width 0.05))
    (fp_line (start 13.34 -8.5) (end 13.34 8.25) (layer F.CrtYd) (width 0.05))
    (fp_line (start -5 -0.7) (end -5.5 -0.2) (layer F.SilkS) (width 0.12))
    (fp_line (start -5.5 -0.2) (end -5.5 -1.2) (layer F.SilkS) (width 0.12))
    (fp_line (start -5.5 -1.2) (end -5 -0.7) (layer F.SilkS) (width 0.12))
    (pad SH thru_hole circle (at -4.57 0.89) (size 2.3 2.3) (drill 1.57) (layers *.Cu *.Mask)
      (net 18 GND))
    (pad SH thru_hole circle (at 11.69 0.89) (size 2.3 2.3) (drill 1.57) (layers *.Cu *.Mask)
      (net 18 GND))
    (pad "" np_thru_hole circle (at 9.91 -2.54) (size 3.25 3.25) (drill 3.25) (layers *.Cu *.Mask))
    (pad "" np_thru_hole circle (at -2.79 -2.54) (size 3.25 3.25) (drill 3.25) (layers *.Cu *.Mask))
    (pad 8 thru_hole circle (at 7.112 1.78) (size 1.5 1.5) (drill 0.89) (layers *.Cu *.Mask)
      (net 18 GND))
    (pad 6 thru_hole circle (at 5.08 1.78) (size 1.5 1.5) (drill 0.89) (layers *.Cu *.Mask)
      (net 5 "Net-(J3-Pad6)"))
    (pad 4 thru_hole circle (at 3.048 1.78) (size 1.5 1.5) (drill 0.89) (layers *.Cu *.Mask)
      (net 35 DISPCS))
    (pad 2 thru_hole circle (at 1.016 1.78) (size 1.5 1.5) (drill 0.89) (layers *.Cu *.Mask)
      (net 33 MISO))
    (pad 7 thru_hole circle (at 6.096 0) (size 1.5 1.5) (drill 0.89) (layers *.Cu *.Mask)
      (net 36 +3V3))
    (pad 5 thru_hole circle (at 4.064 0) (size 1.5 1.5) (drill 0.89) (layers *.Cu *.Mask)
      (net 6 "Net-(J3-Pad5)"))
    (pad 3 thru_hole circle (at 2.032 0) (size 1.5 1.5) (drill 0.89) (layers *.Cu *.Mask)
      (net 34 MOSI))
    (pad 1 thru_hole rect (at 0 0) (size 1.5 1.5) (drill 0.89) (layers *.Cu *.Mask)
      (net 32 SLCK))
    (model ${KISYS3DMOD}/Connector_RJ.3dshapes/RJ45_Amphenol_RJHSE5380.wrl
      (at (xyz 0 0 0))
      (scale (xyz 1 1 1))
      (rotate (xyz 0 0 0))
    )
  )

  (module Relay_THT:Relay_DPDT_Omron_G5V-2 (layer F.Cu) (tedit 5E9CCD3D) (tstamp 5FE151F4)
    (at -45.72 18.415)
    (descr http://omronfs.omron.com/en_US/ecb/products/pdf/en-g5v2.pdf)
    (tags "Omron G5V-2 Relay DPDT")
    (path /5FE730FB)
    (fp_text reference K1 (at 3.81 -2.5) (layer F.SilkS)
      (effects (font (size 1 1) (thickness 0.15)))
    )
    (fp_text value "TOARCH FIRE" (at 3.81 20.5) (layer F.Fab)
      (effects (font (size 1 1) (thickness 0.15)))
    )
    (fp_text user %R (at 3.94 9.16) (layer F.Fab)
      (effects (font (size 1 1) (thickness 0.15)))
    )
    (fp_line (start -1.54 -1.55) (end -0.33 -1.55) (layer F.SilkS) (width 0.12))
    (fp_line (start -1.54 -0.25) (end -1.54 -1.55) (layer F.SilkS) (width 0.12))
    (fp_line (start -1.24 -0.25) (end -0.33 -1.26) (layer F.Fab) (width 0.1))
    (fp_line (start 8.86 -1.26) (end -0.33 -1.26) (layer F.Fab) (width 0.1))
    (fp_line (start -1.24 -0.25) (end -1.24 19.04) (layer F.Fab) (width 0.1))
    (fp_line (start -1.24 19.04) (end 8.86 19.04) (layer F.Fab) (width 0.1))
    (fp_line (start 8.86 19.04) (end 8.86 -1.26) (layer F.Fab) (width 0.1))
    (fp_line (start -1.38 -1.4) (end -1.38 19.19) (layer F.SilkS) (width 0.12))
    (fp_line (start -1.38 19.19) (end 9 19.19) (layer F.SilkS) (width 0.12))
    (fp_line (start 9 19.19) (end 9 -1.4) (layer F.SilkS) (width 0.12))
    (fp_line (start 9 -1.4) (end -1.38 -1.4) (layer F.SilkS) (width 0.12))
    (fp_line (start 2.3 -1.4) (end 2.3 -0.36) (layer F.SilkS) (width 0.12))
    (fp_line (start 2.3 -0.34) (end 5.3 -0.34) (layer F.SilkS) (width 0.12))
    (fp_line (start 5.3 -0.34) (end 5.3 -1.4) (layer F.SilkS) (width 0.12))
    (fp_line (start 9.1 19.3) (end -1.48 19.3) (layer F.CrtYd) (width 0.05))
    (fp_line (start -1.48 -1.5) (end 9.1 -1.5) (layer F.CrtYd) (width 0.05))
    (fp_line (start 9.1 -1.5) (end 9.1 19.3) (layer F.CrtYd) (width 0.05))
    (fp_line (start 3.47 0.44) (end 2.37 0.44) (layer F.SilkS) (width 0.12))
    (fp_line (start 4.17 0.44) (end 5.27 0.44) (layer F.SilkS) (width 0.12))
    (fp_line (start 3.47 0.61) (end 4.17 0.21) (layer F.SilkS) (width 0.12))
    (fp_line (start 3.47 -0.19) (end 3.47 1.01) (layer F.SilkS) (width 0.12))
    (fp_line (start 3.47 1.01) (end 4.17 1.01) (layer F.SilkS) (width 0.12))
    (fp_line (start 4.17 1.01) (end 4.17 -0.19) (layer F.SilkS) (width 0.12))
    (fp_line (start 4.17 -0.19) (end 3.47 -0.19) (layer F.SilkS) (width 0.12))
    (fp_line (start -1.48 -1.5) (end -1.48 19.3) (layer F.CrtYd) (width 0.05))
    (pad 13 thru_hole circle (at 7.62 7.62) (size 1.4 1.4) (drill 0.7) (layers *.Cu *.Mask)
      (net 31 +15V))
    (pad 9 thru_hole circle (at 7.62 17.78) (size 1.4 1.4) (drill 0.7) (layers *.Cu *.Mask)
      (net 17 "Net-(J6-Pad1)"))
    (pad 11 thru_hole circle (at 7.62 12.7) (size 1.4 1.4) (drill 0.7) (layers *.Cu *.Mask)
      (net 121 "Net-(K1-Pad11)"))
    (pad 4 thru_hole circle (at 0 7.62) (size 1.4 1.4) (drill 0.7) (layers *.Cu *.Mask)
      (net 31 +15V))
    (pad 8 thru_hole circle (at 0 17.78) (size 1.4 1.4) (drill 0.7) (layers *.Cu *.Mask)
      (net 17 "Net-(J6-Pad1)"))
    (pad 6 thru_hole circle (at 0 12.7) (size 1.4 1.4) (drill 0.7) (layers *.Cu *.Mask)
      (net 122 "Net-(K1-Pad6)"))
    (pad 16 thru_hole circle (at 7.62 0) (size 1.4 1.4) (drill 0.7) (layers *.Cu *.Mask)
      (net 31 +15V))
    (pad 1 thru_hole rect (at 0 0) (size 1.4 1.4) (drill 0.7) (layers *.Cu *.Mask)
      (net 123 "Net-(K1-Pad1)"))
    (model ${KISYS3DMOD}/Relay_THT.3dshapes/Relay_DPDT_Omron_G5V-2.wrl
      (at (xyz 0 0 0))
      (scale (xyz 1 1 1))
      (rotate (xyz 0 0 0))
    )
  )

  (module Capacitor_SMD:C_0603_1608Metric_Pad1.08x0.95mm_HandSolder (layer F.Cu) (tedit 5F68FEEF) (tstamp 5FDFC109)
    (at -55.424999 131.125001)
    (descr "Capacitor SMD 0603 (1608 Metric), square (rectangular) end terminal, IPC_7351 nominal with elongated pad for handsoldering. (Body size source: IPC-SM-782 page 76, https://www.pcb-3d.com/wordpress/wp-content/uploads/ipc-sm-782a_amendment_1_and_2.pdf), generated with kicad-footprint-generator")
    (tags "capacitor handsolder")
    (path /5FDD56AE)
    (attr smd)
    (fp_text reference C1 (at 0 -1.43) (layer F.SilkS)
      (effects (font (size 1 1) (thickness 0.15)))
    )
    (fp_text value .1uf (at 0 1.43) (layer F.Fab)
      (effects (font (size 1 1) (thickness 0.15)))
    )
    (fp_line (start 1.65 0.73) (end -1.65 0.73) (layer F.CrtYd) (width 0.05))
    (fp_line (start 1.65 -0.73) (end 1.65 0.73) (layer F.CrtYd) (width 0.05))
    (fp_line (start -1.65 -0.73) (end 1.65 -0.73) (layer F.CrtYd) (width 0.05))
    (fp_line (start -1.65 0.73) (end -1.65 -0.73) (layer F.CrtYd) (width 0.05))
    (fp_line (start -0.146267 0.51) (end 0.146267 0.51) (layer F.SilkS) (width 0.12))
    (fp_line (start -0.146267 -0.51) (end 0.146267 -0.51) (layer F.SilkS) (width 0.12))
    (fp_line (start 0.8 0.4) (end -0.8 0.4) (layer F.Fab) (width 0.1))
    (fp_line (start 0.8 -0.4) (end 0.8 0.4) (layer F.Fab) (width 0.1))
    (fp_line (start -0.8 -0.4) (end 0.8 -0.4) (layer F.Fab) (width 0.1))
    (fp_line (start -0.8 0.4) (end -0.8 -0.4) (layer F.Fab) (width 0.1))
    (fp_text user %R (at 0 0) (layer F.Fab)
      (effects (font (size 0.4 0.4) (thickness 0.06)))
    )
    (pad 2 smd roundrect (at 0.8625 0) (size 1.075 0.95) (layers F.Cu F.Paste F.Mask) (roundrect_rratio 0.25)
      (net 18 GND))
    (pad 1 smd roundrect (at -0.8625 0) (size 1.075 0.95) (layers F.Cu F.Paste F.Mask) (roundrect_rratio 0.25)
      (net 19 "Net-(C1-Pad1)"))
    (model ${KISYS3DMOD}/Capacitor_SMD.3dshapes/C_0603_1608Metric.wrl
      (at (xyz 0 0 0))
      (scale (xyz 1 1 1))
      (rotate (xyz 0 0 0))
    )
  )

  (module Capacitor_SMD:CP_Elec_6.3x5.8 (layer F.Cu) (tedit 5BCA39D0) (tstamp 5FDFC131)
    (at -39.044999 147.245001)
    (descr "SMD capacitor, aluminum electrolytic, Nichicon, 6.3x5.8mm")
    (tags "capacitor electrolytic")
    (path /5FDE59CD)
    (attr smd)
    (fp_text reference C2 (at 0 -4.35) (layer F.SilkS)
      (effects (font (size 1 1) (thickness 0.15)))
    )
    (fp_text value 470uf (at 0 4.35) (layer F.Fab)
      (effects (font (size 1 1) (thickness 0.15)))
    )
    (fp_circle (center 0 0) (end 3.15 0) (layer F.Fab) (width 0.1))
    (fp_line (start 3.3 -3.3) (end 3.3 3.3) (layer F.Fab) (width 0.1))
    (fp_line (start -2.3 -3.3) (end 3.3 -3.3) (layer F.Fab) (width 0.1))
    (fp_line (start -2.3 3.3) (end 3.3 3.3) (layer F.Fab) (width 0.1))
    (fp_line (start -3.3 -2.3) (end -3.3 2.3) (layer F.Fab) (width 0.1))
    (fp_line (start -3.3 -2.3) (end -2.3 -3.3) (layer F.Fab) (width 0.1))
    (fp_line (start -3.3 2.3) (end -2.3 3.3) (layer F.Fab) (width 0.1))
    (fp_line (start -2.704838 -1.33) (end -2.074838 -1.33) (layer F.Fab) (width 0.1))
    (fp_line (start -2.389838 -1.645) (end -2.389838 -1.015) (layer F.Fab) (width 0.1))
    (fp_line (start 3.41 3.41) (end 3.41 1.06) (layer F.SilkS) (width 0.12))
    (fp_line (start 3.41 -3.41) (end 3.41 -1.06) (layer F.SilkS) (width 0.12))
    (fp_line (start -2.345563 -3.41) (end 3.41 -3.41) (layer F.SilkS) (width 0.12))
    (fp_line (start -2.345563 3.41) (end 3.41 3.41) (layer F.SilkS) (width 0.12))
    (fp_line (start -3.41 2.345563) (end -3.41 1.06) (layer F.SilkS) (width 0.12))
    (fp_line (start -3.41 -2.345563) (end -3.41 -1.06) (layer F.SilkS) (width 0.12))
    (fp_line (start -3.41 -2.345563) (end -2.345563 -3.41) (layer F.SilkS) (width 0.12))
    (fp_line (start -3.41 2.345563) (end -2.345563 3.41) (layer F.SilkS) (width 0.12))
    (fp_line (start -4.4375 -1.8475) (end -3.65 -1.8475) (layer F.SilkS) (width 0.12))
    (fp_line (start -4.04375 -2.24125) (end -4.04375 -1.45375) (layer F.SilkS) (width 0.12))
    (fp_line (start 3.55 -3.55) (end 3.55 -1.05) (layer F.CrtYd) (width 0.05))
    (fp_line (start 3.55 -1.05) (end 4.7 -1.05) (layer F.CrtYd) (width 0.05))
    (fp_line (start 4.7 -1.05) (end 4.7 1.05) (layer F.CrtYd) (width 0.05))
    (fp_line (start 4.7 1.05) (end 3.55 1.05) (layer F.CrtYd) (width 0.05))
    (fp_line (start 3.55 1.05) (end 3.55 3.55) (layer F.CrtYd) (width 0.05))
    (fp_line (start -2.4 3.55) (end 3.55 3.55) (layer F.CrtYd) (width 0.05))
    (fp_line (start -2.4 -3.55) (end 3.55 -3.55) (layer F.CrtYd) (width 0.05))
    (fp_line (start -3.55 2.4) (end -2.4 3.55) (layer F.CrtYd) (width 0.05))
    (fp_line (start -3.55 -2.4) (end -2.4 -3.55) (layer F.CrtYd) (width 0.05))
    (fp_line (start -3.55 -2.4) (end -3.55 -1.05) (layer F.CrtYd) (width 0.05))
    (fp_line (start -3.55 1.05) (end -3.55 2.4) (layer F.CrtYd) (width 0.05))
    (fp_line (start -3.55 -1.05) (end -4.7 -1.05) (layer F.CrtYd) (width 0.05))
    (fp_line (start -4.7 -1.05) (end -4.7 1.05) (layer F.CrtYd) (width 0.05))
    (fp_line (start -4.7 1.05) (end -3.55 1.05) (layer F.CrtYd) (width 0.05))
    (fp_text user %R (at 0 0) (layer F.Fab)
      (effects (font (size 1 1) (thickness 0.15)))
    )
    (pad 1 smd roundrect (at -2.7 0) (size 3.5 1.6) (layers F.Cu F.Paste F.Mask) (roundrect_rratio 0.15625)
      (net 19 "Net-(C1-Pad1)"))
    (pad 2 smd roundrect (at 2.7 0) (size 3.5 1.6) (layers F.Cu F.Paste F.Mask) (roundrect_rratio 0.15625)
      (net 18 GND))
    (model ${KISYS3DMOD}/Capacitor_SMD.3dshapes/CP_Elec_6.3x5.8.wrl
      (at (xyz 0 0 0))
      (scale (xyz 1 1 1))
      (rotate (xyz 0 0 0))
    )
  )

  (module Capacitor_SMD:C_0603_1608Metric_Pad1.08x0.95mm_HandSolder (layer F.Cu) (tedit 5F68FEEF) (tstamp 5FDFC142)
    (at 13.065001 104.105001)
    (descr "Capacitor SMD 0603 (1608 Metric), square (rectangular) end terminal, IPC_7351 nominal with elongated pad for handsoldering. (Body size source: IPC-SM-782 page 76, https://www.pcb-3d.com/wordpress/wp-content/uploads/ipc-sm-782a_amendment_1_and_2.pdf), generated with kicad-footprint-generator")
    (tags "capacitor handsolder")
    (path /60269A8A)
    (attr smd)
    (fp_text reference C3 (at 0 -1.43) (layer F.SilkS)
      (effects (font (size 1 1) (thickness 0.15)))
    )
    (fp_text value .1uf (at 0 1.43) (layer F.Fab)
      (effects (font (size 1 1) (thickness 0.15)))
    )
    (fp_line (start 1.65 0.73) (end -1.65 0.73) (layer F.CrtYd) (width 0.05))
    (fp_line (start 1.65 -0.73) (end 1.65 0.73) (layer F.CrtYd) (width 0.05))
    (fp_line (start -1.65 -0.73) (end 1.65 -0.73) (layer F.CrtYd) (width 0.05))
    (fp_line (start -1.65 0.73) (end -1.65 -0.73) (layer F.CrtYd) (width 0.05))
    (fp_line (start -0.146267 0.51) (end 0.146267 0.51) (layer F.SilkS) (width 0.12))
    (fp_line (start -0.146267 -0.51) (end 0.146267 -0.51) (layer F.SilkS) (width 0.12))
    (fp_line (start 0.8 0.4) (end -0.8 0.4) (layer F.Fab) (width 0.1))
    (fp_line (start 0.8 -0.4) (end 0.8 0.4) (layer F.Fab) (width 0.1))
    (fp_line (start -0.8 -0.4) (end 0.8 -0.4) (layer F.Fab) (width 0.1))
    (fp_line (start -0.8 0.4) (end -0.8 -0.4) (layer F.Fab) (width 0.1))
    (fp_text user %R (at 0 0) (layer F.Fab)
      (effects (font (size 0.4 0.4) (thickness 0.06)))
    )
    (pad 2 smd roundrect (at 0.8625 0) (size 1.075 0.95) (layers F.Cu F.Paste F.Mask) (roundrect_rratio 0.25)
      (net 18 GND))
    (pad 1 smd roundrect (at -0.8625 0) (size 1.075 0.95) (layers F.Cu F.Paste F.Mask) (roundrect_rratio 0.25)
      (net 20 INRTQ))
    (model ${KISYS3DMOD}/Capacitor_SMD.3dshapes/C_0603_1608Metric.wrl
      (at (xyz 0 0 0))
      (scale (xyz 1 1 1))
      (rotate (xyz 0 0 0))
    )
  )

  (module Capacitor_SMD:C_0603_1608Metric_Pad1.08x0.95mm_HandSolder (layer F.Cu) (tedit 5F68FEEF) (tstamp 5FDFC153)
    (at 186.055 50.165)
    (descr "Capacitor SMD 0603 (1608 Metric), square (rectangular) end terminal, IPC_7351 nominal with elongated pad for handsoldering. (Body size source: IPC-SM-782 page 76, https://www.pcb-3d.com/wordpress/wp-content/uploads/ipc-sm-782a_amendment_1_and_2.pdf), generated with kicad-footprint-generator")
    (tags "capacitor handsolder")
    (path /6009D45C)
    (attr smd)
    (fp_text reference C4 (at 0 1.27) (layer F.SilkS)
      (effects (font (size 1 1) (thickness 0.15)))
    )
    (fp_text value .1uf (at 0 1.43) (layer F.Fab)
      (effects (font (size 1 1) (thickness 0.15)))
    )
    (fp_line (start -0.8 0.4) (end -0.8 -0.4) (layer F.Fab) (width 0.1))
    (fp_line (start -0.8 -0.4) (end 0.8 -0.4) (layer F.Fab) (width 0.1))
    (fp_line (start 0.8 -0.4) (end 0.8 0.4) (layer F.Fab) (width 0.1))
    (fp_line (start 0.8 0.4) (end -0.8 0.4) (layer F.Fab) (width 0.1))
    (fp_line (start -0.146267 -0.51) (end 0.146267 -0.51) (layer F.SilkS) (width 0.12))
    (fp_line (start -0.146267 0.51) (end 0.146267 0.51) (layer F.SilkS) (width 0.12))
    (fp_line (start -1.65 0.73) (end -1.65 -0.73) (layer F.CrtYd) (width 0.05))
    (fp_line (start -1.65 -0.73) (end 1.65 -0.73) (layer F.CrtYd) (width 0.05))
    (fp_line (start 1.65 -0.73) (end 1.65 0.73) (layer F.CrtYd) (width 0.05))
    (fp_line (start 1.65 0.73) (end -1.65 0.73) (layer F.CrtYd) (width 0.05))
    (fp_text user %R (at 0 0) (layer F.Fab)
      (effects (font (size 0.4 0.4) (thickness 0.06)))
    )
    (pad 1 smd roundrect (at -0.8625 0) (size 1.075 0.95) (layers F.Cu F.Paste F.Mask) (roundrect_rratio 0.25)
      (net 21 INTHD))
    (pad 2 smd roundrect (at 0.8625 0) (size 1.075 0.95) (layers F.Cu F.Paste F.Mask) (roundrect_rratio 0.25)
      (net 18 GND))
    (model ${KISYS3DMOD}/Capacitor_SMD.3dshapes/C_0603_1608Metric.wrl
      (at (xyz 0 0 0))
      (scale (xyz 1 1 1))
      (rotate (xyz 0 0 0))
    )
  )

  (module Capacitor_SMD:C_0603_1608Metric_Pad1.08x0.95mm_HandSolder (layer F.Cu) (tedit 5F68FEEF) (tstamp 5FDFC164)
    (at 127.635 52.705)
    (descr "Capacitor SMD 0603 (1608 Metric), square (rectangular) end terminal, IPC_7351 nominal with elongated pad for handsoldering. (Body size source: IPC-SM-782 page 76, https://www.pcb-3d.com/wordpress/wp-content/uploads/ipc-sm-782a_amendment_1_and_2.pdf), generated with kicad-footprint-generator")
    (tags "capacitor handsolder")
    (path /6003638C)
    (attr smd)
    (fp_text reference C5 (at -2.54 0 90) (layer F.SilkS)
      (effects (font (size 1 1) (thickness 0.15)))
    )
    (fp_text value .1uf (at 0 1.43) (layer F.Fab)
      (effects (font (size 1 1) (thickness 0.15)))
    )
    (fp_line (start -0.8 0.4) (end -0.8 -0.4) (layer F.Fab) (width 0.1))
    (fp_line (start -0.8 -0.4) (end 0.8 -0.4) (layer F.Fab) (width 0.1))
    (fp_line (start 0.8 -0.4) (end 0.8 0.4) (layer F.Fab) (width 0.1))
    (fp_line (start 0.8 0.4) (end -0.8 0.4) (layer F.Fab) (width 0.1))
    (fp_line (start -0.146267 -0.51) (end 0.146267 -0.51) (layer F.SilkS) (width 0.12))
    (fp_line (start -0.146267 0.51) (end 0.146267 0.51) (layer F.SilkS) (width 0.12))
    (fp_line (start -1.65 0.73) (end -1.65 -0.73) (layer F.CrtYd) (width 0.05))
    (fp_line (start -1.65 -0.73) (end 1.65 -0.73) (layer F.CrtYd) (width 0.05))
    (fp_line (start 1.65 -0.73) (end 1.65 0.73) (layer F.CrtYd) (width 0.05))
    (fp_line (start 1.65 0.73) (end -1.65 0.73) (layer F.CrtYd) (width 0.05))
    (fp_text user %R (at 0 0) (layer F.Fab)
      (effects (font (size 0.4 0.4) (thickness 0.06)))
    )
    (pad 1 smd roundrect (at -0.8625 0) (size 1.075 0.95) (layers F.Cu F.Paste F.Mask) (roundrect_rratio 0.25)
      (net 22 INZTQ))
    (pad 2 smd roundrect (at 0.8625 0) (size 1.075 0.95) (layers F.Cu F.Paste F.Mask) (roundrect_rratio 0.25)
      (net 18 GND))
    (model ${KISYS3DMOD}/Capacitor_SMD.3dshapes/C_0603_1608Metric.wrl
      (at (xyz 0 0 0))
      (scale (xyz 1 1 1))
      (rotate (xyz 0 0 0))
    )
  )

  (module Capacitor_SMD:C_0603_1608Metric_Pad1.08x0.95mm_HandSolder (layer F.Cu) (tedit 5F68FEEF) (tstamp 5FDFC175)
    (at 13.97 138.43)
    (descr "Capacitor SMD 0603 (1608 Metric), square (rectangular) end terminal, IPC_7351 nominal with elongated pad for handsoldering. (Body size source: IPC-SM-782 page 76, https://www.pcb-3d.com/wordpress/wp-content/uploads/ipc-sm-782a_amendment_1_and_2.pdf), generated with kicad-footprint-generator")
    (tags "capacitor handsolder")
    (path /6009325E)
    (attr smd)
    (fp_text reference C6 (at 0 1.27) (layer F.SilkS)
      (effects (font (size 1 1) (thickness 0.15)))
    )
    (fp_text value .1uf (at 0 1.43) (layer F.Fab)
      (effects (font (size 1 1) (thickness 0.15)))
    )
    (fp_line (start 1.65 0.73) (end -1.65 0.73) (layer F.CrtYd) (width 0.05))
    (fp_line (start 1.65 -0.73) (end 1.65 0.73) (layer F.CrtYd) (width 0.05))
    (fp_line (start -1.65 -0.73) (end 1.65 -0.73) (layer F.CrtYd) (width 0.05))
    (fp_line (start -1.65 0.73) (end -1.65 -0.73) (layer F.CrtYd) (width 0.05))
    (fp_line (start -0.146267 0.51) (end 0.146267 0.51) (layer F.SilkS) (width 0.12))
    (fp_line (start -0.146267 -0.51) (end 0.146267 -0.51) (layer F.SilkS) (width 0.12))
    (fp_line (start 0.8 0.4) (end -0.8 0.4) (layer F.Fab) (width 0.1))
    (fp_line (start 0.8 -0.4) (end 0.8 0.4) (layer F.Fab) (width 0.1))
    (fp_line (start -0.8 -0.4) (end 0.8 -0.4) (layer F.Fab) (width 0.1))
    (fp_line (start -0.8 0.4) (end -0.8 -0.4) (layer F.Fab) (width 0.1))
    (fp_text user %R (at 0 0) (layer F.Fab)
      (effects (font (size 0.4 0.4) (thickness 0.06)))
    )
    (pad 2 smd roundrect (at 0.8625 0) (size 1.075 0.95) (layers F.Cu F.Paste F.Mask) (roundrect_rratio 0.25)
      (net 18 GND))
    (pad 1 smd roundrect (at -0.8625 0) (size 1.075 0.95) (layers F.Cu F.Paste F.Mask) (roundrect_rratio 0.25)
      (net 23 INTD))
    (model ${KISYS3DMOD}/Capacitor_SMD.3dshapes/C_0603_1608Metric.wrl
      (at (xyz 0 0 0))
      (scale (xyz 1 1 1))
      (rotate (xyz 0 0 0))
    )
  )

  (module Capacitor_SMD:C_0603_1608Metric_Pad1.08x0.95mm_HandSolder (layer F.Cu) (tedit 5F68FEEF) (tstamp 5FDFC186)
    (at 120.015 52.705)
    (descr "Capacitor SMD 0603 (1608 Metric), square (rectangular) end terminal, IPC_7351 nominal with elongated pad for handsoldering. (Body size source: IPC-SM-782 page 76, https://www.pcb-3d.com/wordpress/wp-content/uploads/ipc-sm-782a_amendment_1_and_2.pdf), generated with kicad-footprint-generator")
    (tags "capacitor handsolder")
    (path /5FF69231)
    (attr smd)
    (fp_text reference C7 (at -2.54 0 90) (layer F.SilkS)
      (effects (font (size 1 1) (thickness 0.15)))
    )
    (fp_text value .1uf (at 0 1.43) (layer F.Fab)
      (effects (font (size 1 1) (thickness 0.15)))
    )
    (fp_line (start 1.65 0.73) (end -1.65 0.73) (layer F.CrtYd) (width 0.05))
    (fp_line (start 1.65 -0.73) (end 1.65 0.73) (layer F.CrtYd) (width 0.05))
    (fp_line (start -1.65 -0.73) (end 1.65 -0.73) (layer F.CrtYd) (width 0.05))
    (fp_line (start -1.65 0.73) (end -1.65 -0.73) (layer F.CrtYd) (width 0.05))
    (fp_line (start -0.146267 0.51) (end 0.146267 0.51) (layer F.SilkS) (width 0.12))
    (fp_line (start -0.146267 -0.51) (end 0.146267 -0.51) (layer F.SilkS) (width 0.12))
    (fp_line (start 0.8 0.4) (end -0.8 0.4) (layer F.Fab) (width 0.1))
    (fp_line (start 0.8 -0.4) (end 0.8 0.4) (layer F.Fab) (width 0.1))
    (fp_line (start -0.8 -0.4) (end 0.8 -0.4) (layer F.Fab) (width 0.1))
    (fp_line (start -0.8 0.4) (end -0.8 -0.4) (layer F.Fab) (width 0.1))
    (fp_text user %R (at 0 0) (layer F.Fab)
      (effects (font (size 0.4 0.4) (thickness 0.06)))
    )
    (pad 2 smd roundrect (at 0.8625 0) (size 1.075 0.95) (layers F.Cu F.Paste F.Mask) (roundrect_rratio 0.25)
      (net 18 GND))
    (pad 1 smd roundrect (at -0.8625 0) (size 1.075 0.95) (layers F.Cu F.Paste F.Mask) (roundrect_rratio 0.25)
      (net 24 INXTQ))
    (model ${KISYS3DMOD}/Capacitor_SMD.3dshapes/C_0603_1608Metric.wrl
      (at (xyz 0 0 0))
      (scale (xyz 1 1 1))
      (rotate (xyz 0 0 0))
    )
  )

  (module Capacitor_SMD:C_0603_1608Metric_Pad1.08x0.95mm_HandSolder (layer F.Cu) (tedit 5F68FEEF) (tstamp 5FDFC197)
    (at 23.495 139.065)
    (descr "Capacitor SMD 0603 (1608 Metric), square (rectangular) end terminal, IPC_7351 nominal with elongated pad for handsoldering. (Body size source: IPC-SM-782 page 76, https://www.pcb-3d.com/wordpress/wp-content/uploads/ipc-sm-782a_amendment_1_and_2.pdf), generated with kicad-footprint-generator")
    (tags "capacitor handsolder")
    (path /6020ECD0)
    (attr smd)
    (fp_text reference C8 (at 0 1.27) (layer F.SilkS)
      (effects (font (size 1 1) (thickness 0.15)))
    )
    (fp_text value .1uf (at 0 1.43) (layer F.Fab)
      (effects (font (size 1 1) (thickness 0.15)))
    )
    (fp_line (start -0.8 0.4) (end -0.8 -0.4) (layer F.Fab) (width 0.1))
    (fp_line (start -0.8 -0.4) (end 0.8 -0.4) (layer F.Fab) (width 0.1))
    (fp_line (start 0.8 -0.4) (end 0.8 0.4) (layer F.Fab) (width 0.1))
    (fp_line (start 0.8 0.4) (end -0.8 0.4) (layer F.Fab) (width 0.1))
    (fp_line (start -0.146267 -0.51) (end 0.146267 -0.51) (layer F.SilkS) (width 0.12))
    (fp_line (start -0.146267 0.51) (end 0.146267 0.51) (layer F.SilkS) (width 0.12))
    (fp_line (start -1.65 0.73) (end -1.65 -0.73) (layer F.CrtYd) (width 0.05))
    (fp_line (start -1.65 -0.73) (end 1.65 -0.73) (layer F.CrtYd) (width 0.05))
    (fp_line (start 1.65 -0.73) (end 1.65 0.73) (layer F.CrtYd) (width 0.05))
    (fp_line (start 1.65 0.73) (end -1.65 0.73) (layer F.CrtYd) (width 0.05))
    (fp_text user %R (at 0 0) (layer F.Fab)
      (effects (font (size 0.4 0.4) (thickness 0.06)))
    )
    (pad 1 smd roundrect (at -0.8625 0) (size 1.075 0.95) (layers F.Cu F.Paste F.Mask) (roundrect_rratio 0.25)
      (net 25 SPAREIN))
    (pad 2 smd roundrect (at 0.8625 0) (size 1.075 0.95) (layers F.Cu F.Paste F.Mask) (roundrect_rratio 0.25)
      (net 18 GND))
    (model ${KISYS3DMOD}/Capacitor_SMD.3dshapes/C_0603_1608Metric.wrl
      (at (xyz 0 0 0))
      (scale (xyz 1 1 1))
      (rotate (xyz 0 0 0))
    )
  )

  (module Capacitor_SMD:C_0603_1608Metric_Pad1.08x0.95mm_HandSolder (layer F.Cu) (tedit 5F68FEEF) (tstamp 5FDFC1A8)
    (at 96.52 52.07)
    (descr "Capacitor SMD 0603 (1608 Metric), square (rectangular) end terminal, IPC_7351 nominal with elongated pad for handsoldering. (Body size source: IPC-SM-782 page 76, https://www.pcb-3d.com/wordpress/wp-content/uploads/ipc-sm-782a_amendment_1_and_2.pdf), generated with kicad-footprint-generator")
    (tags "capacitor handsolder")
    (path /5FF62955)
    (attr smd)
    (fp_text reference C9 (at 0 -1.43) (layer F.SilkS)
      (effects (font (size 1 1) (thickness 0.15)))
    )
    (fp_text value .1uf (at 0 1.43) (layer F.Fab)
      (effects (font (size 1 1) (thickness 0.15)))
    )
    (fp_line (start -0.8 0.4) (end -0.8 -0.4) (layer F.Fab) (width 0.1))
    (fp_line (start -0.8 -0.4) (end 0.8 -0.4) (layer F.Fab) (width 0.1))
    (fp_line (start 0.8 -0.4) (end 0.8 0.4) (layer F.Fab) (width 0.1))
    (fp_line (start 0.8 0.4) (end -0.8 0.4) (layer F.Fab) (width 0.1))
    (fp_line (start -0.146267 -0.51) (end 0.146267 -0.51) (layer F.SilkS) (width 0.12))
    (fp_line (start -0.146267 0.51) (end 0.146267 0.51) (layer F.SilkS) (width 0.12))
    (fp_line (start -1.65 0.73) (end -1.65 -0.73) (layer F.CrtYd) (width 0.05))
    (fp_line (start -1.65 -0.73) (end 1.65 -0.73) (layer F.CrtYd) (width 0.05))
    (fp_line (start 1.65 -0.73) (end 1.65 0.73) (layer F.CrtYd) (width 0.05))
    (fp_line (start 1.65 0.73) (end -1.65 0.73) (layer F.CrtYd) (width 0.05))
    (fp_text user %R (at 0 0) (layer F.Fab)
      (effects (font (size 0.4 0.4) (thickness 0.06)))
    )
    (pad 1 smd roundrect (at -0.8625 0) (size 1.075 0.95) (layers F.Cu F.Paste F.Mask) (roundrect_rratio 0.25)
      (net 26 INY2TQ))
    (pad 2 smd roundrect (at 0.8625 0) (size 1.075 0.95) (layers F.Cu F.Paste F.Mask) (roundrect_rratio 0.25)
      (net 18 GND))
    (model ${KISYS3DMOD}/Capacitor_SMD.3dshapes/C_0603_1608Metric.wrl
      (at (xyz 0 0 0))
      (scale (xyz 1 1 1))
      (rotate (xyz 0 0 0))
    )
  )

  (module Capacitor_SMD:C_0603_1608Metric_Pad1.08x0.95mm_HandSolder (layer F.Cu) (tedit 5F68FEEF) (tstamp 5FDFC1B9)
    (at 73.66 52.07)
    (descr "Capacitor SMD 0603 (1608 Metric), square (rectangular) end terminal, IPC_7351 nominal with elongated pad for handsoldering. (Body size source: IPC-SM-782 page 76, https://www.pcb-3d.com/wordpress/wp-content/uploads/ipc-sm-782a_amendment_1_and_2.pdf), generated with kicad-footprint-generator")
    (tags "capacitor handsolder")
    (path /5FF37442)
    (attr smd)
    (fp_text reference C10 (at 0 -1.43) (layer F.SilkS)
      (effects (font (size 1 1) (thickness 0.15)))
    )
    (fp_text value .1uf (at 0 1.43) (layer F.Fab)
      (effects (font (size 1 1) (thickness 0.15)))
    )
    (fp_line (start 1.65 0.73) (end -1.65 0.73) (layer F.CrtYd) (width 0.05))
    (fp_line (start 1.65 -0.73) (end 1.65 0.73) (layer F.CrtYd) (width 0.05))
    (fp_line (start -1.65 -0.73) (end 1.65 -0.73) (layer F.CrtYd) (width 0.05))
    (fp_line (start -1.65 0.73) (end -1.65 -0.73) (layer F.CrtYd) (width 0.05))
    (fp_line (start -0.146267 0.51) (end 0.146267 0.51) (layer F.SilkS) (width 0.12))
    (fp_line (start -0.146267 -0.51) (end 0.146267 -0.51) (layer F.SilkS) (width 0.12))
    (fp_line (start 0.8 0.4) (end -0.8 0.4) (layer F.Fab) (width 0.1))
    (fp_line (start 0.8 -0.4) (end 0.8 0.4) (layer F.Fab) (width 0.1))
    (fp_line (start -0.8 -0.4) (end 0.8 -0.4) (layer F.Fab) (width 0.1))
    (fp_line (start -0.8 0.4) (end -0.8 -0.4) (layer F.Fab) (width 0.1))
    (fp_text user %R (at 0 0) (layer F.Fab)
      (effects (font (size 0.4 0.4) (thickness 0.06)))
    )
    (pad 2 smd roundrect (at 0.8625 0) (size 1.075 0.95) (layers F.Cu F.Paste F.Mask) (roundrect_rratio 0.25)
      (net 18 GND))
    (pad 1 smd roundrect (at -0.8625 0) (size 1.075 0.95) (layers F.Cu F.Paste F.Mask) (roundrect_rratio 0.25)
      (net 27 INY1TQ))
    (model ${KISYS3DMOD}/Capacitor_SMD.3dshapes/C_0603_1608Metric.wrl
      (at (xyz 0 0 0))
      (scale (xyz 1 1 1))
      (rotate (xyz 0 0 0))
    )
  )

  (module Capacitor_SMD:C_0603_1608Metric_Pad1.08x0.95mm_HandSolder (layer F.Cu) (tedit 5F68FEEF) (tstamp 5FDFC1CA)
    (at 170.815 50.165)
    (descr "Capacitor SMD 0603 (1608 Metric), square (rectangular) end terminal, IPC_7351 nominal with elongated pad for handsoldering. (Body size source: IPC-SM-782 page 76, https://www.pcb-3d.com/wordpress/wp-content/uploads/ipc-sm-782a_amendment_1_and_2.pdf), generated with kicad-footprint-generator")
    (tags "capacitor handsolder")
    (path /6006F1D1)
    (attr smd)
    (fp_text reference C11 (at 0 1.27) (layer F.SilkS)
      (effects (font (size 1 1) (thickness 0.15)))
    )
    (fp_text value .1uf (at 0 1.43) (layer F.Fab)
      (effects (font (size 1 1) (thickness 0.15)))
    )
    (fp_line (start -0.8 0.4) (end -0.8 -0.4) (layer F.Fab) (width 0.1))
    (fp_line (start -0.8 -0.4) (end 0.8 -0.4) (layer F.Fab) (width 0.1))
    (fp_line (start 0.8 -0.4) (end 0.8 0.4) (layer F.Fab) (width 0.1))
    (fp_line (start 0.8 0.4) (end -0.8 0.4) (layer F.Fab) (width 0.1))
    (fp_line (start -0.146267 -0.51) (end 0.146267 -0.51) (layer F.SilkS) (width 0.12))
    (fp_line (start -0.146267 0.51) (end 0.146267 0.51) (layer F.SilkS) (width 0.12))
    (fp_line (start -1.65 0.73) (end -1.65 -0.73) (layer F.CrtYd) (width 0.05))
    (fp_line (start -1.65 -0.73) (end 1.65 -0.73) (layer F.CrtYd) (width 0.05))
    (fp_line (start 1.65 -0.73) (end 1.65 0.73) (layer F.CrtYd) (width 0.05))
    (fp_line (start 1.65 0.73) (end -1.65 0.73) (layer F.CrtYd) (width 0.05))
